Loss: 0.10340626537799835
sparse_categorical_accuracy: 0.9692000150680542
training time: 375.31863594055176